# Created by Octave 4.2.1, Tue Apr 10 09:29:00 2018 GMT <unknown@unknown>
# name: bestTheta2
# type: matrix
# rows: 20
# columns: 41
 0.07306109008519066 0.5312726306667825 -0.3555493199709423 0.01450481920201877 0.02214686321297867 -0.03708915581405459 0.6216261079873765 0.6532326962312984 -0.05175016293120819 0.117031967583262 -0.129392999015209 0.06466086240581256 0.1598639422593337 -0.1493125863163258 1.012371571174332 0.1073184484934742 0.1197277363007112 0.1242624818305111 -0.2338081885400009 -0.1175117459336041 -0.1310374046635693 0.9644883692485067 -0.09913888964518044 2.028639622543214 -0.1969071763617753 0.5230413192944711 0.3375038401535269 -0.2497507251143357 0.01489397802861452 -0.05152250494274066 0.4156894546245976 0.7929502933599213 -0.436956859088181 0.06413860206661705 -0.2473419111998094 -0.03135804198000149 0.7329181791196323 0.1125482822284445 -0.1598651474613192 -0.5076957649393706 0.2812283610942997
 -0.03868486057192907 -0.9710694592320391 -0.08699553434129309 0.003971619295565077 1.101429767020461 0.6437888892100027 -0.5869492055691156 -0.3538199151436591 -1.636516259415776 -0.1153679283119116 0.08069396556227186 0.09249087629771989 -0.1225945406731323 0.06916819957900959 -0.9810244072034821 0.01175344332968827 1.110165675655852 -0.05699692659629305 -1.031328833420252 0.08282265659496423 0.1010100164123251 0.3353288771202761 0.6665767415616534 -0.7300802510260413 -1.843066875492865 -1.007612040498088 -0.7263335792060579 -0.1410958306960864 -0.06769444849169191 0.01809376732054143 0.6399752315963277 0.4950710904973067 1.272638100701936 -0.1081117998133592 0.198180576601229 -0.04055227644610581 -1.508095781708918 -0.03310105032020372 0.1160712950682874 -0.6576691423821777 -0.2443881031690214
 0.6907940186920897 -0.1806186436669314 0.3614573131128888 0.6743553271438896 0.3449237769033644 0.107263945706736 -0.3760897328188273 -0.1564578463917645 -0.445738824755066 0.6236206348165402 -0.6857364565738877 0.6733817318456797 0.6460867166725378 -0.6473038067582174 0.3850226030631758 0.6573402662793124 0.2202632490844475 0.6954515641737782 -0.5002350226484008 -0.6430826804158577 -0.6496047972133252 -0.1302816741667839 0.353434139025657 -0.03656316835769583 -0.5456246827093202 0.05891873267256587 0.2562242833091428 -0.1974333635683816 0.6700175716705281 -0.6372074406652056 0.2847029384266915 -0.1722356698679463 0.09687474738420505 0.6370679551594941 -0.5074248186804799 -0.6764361571844776 -0.07278847784453996 0.6207124198594732 -0.5890966237750248 0.153795575644185 0.5561976774828238
 0.04333241587223066 0.3270288602900726 0.9069496048696133 -0.00339168672119089 -2.079029555555094 1.601470932816762 0.4586790689051802 -0.9573064253811858 -1.737395308283201 -0.01476410382857041 0.04017024375904117 0.03285582157937057 0.01622501199404348 0.06875083630873244 -1.25715008066599 0.0121050161001829 1.750517435153093 0.06923793297018144 0.3698754721693582 0.01299469444292073 -0.03148705743889983 0.7439912361430964 -0.6646937646036256 0.7396604114443031 1.223206961621756 0.8804201721438404 0.3375684138521192 -0.04958096139462327 0.08851302059461372 0.06841191592972336 -1.06571946468799 0.008224871496754396 1.577124020455858 0.03162650714163735 -0.02866401963098376 0.1149027153982906 -0.240090344916386 -0.1194374919083949 0.03900431349813228 0.3878146829380731 0.1311221359247564
 -0.01637038137240035 -1.847025051557363 1.642619052442208 -0.07440328948125018 0.0874947675201028 0.07183411939201381 -0.6329938642753591 -0.2271359260453062 0.3990097874260508 0.09426121006079501 -0.0200464840232125 -0.1017564206344446 0.03629013510778811 -0.08987113792488191 -0.9308445269444044 0.07777141858825096 -0.9033409245307034 -0.02719876044559125 0.07644259312043314 -0.03009564141899854 -0.08428123715088598 1.460643573101585 -1.703526692359788 0.7013623828644774 -1.229436184136507 1.563322404609669 -0.8361616599370014 0.2957215729824793 -0.03075154342323807 -0.02340870811596057 -0.7823128562560967 1.455138053346758 -0.02979973531144972 0.005937870247190226 -0.009349590245880793 0.007558346481829987 0.6741070024675222 0.126096285794915 0.006741440601462884 0.4390773471697836 0.2829294311405188
 0.5220909612755259 -0.1307627596376529 0.4023645828471867 0.4223519297575349 0.2867740894655534 -0.07621882975441262 -0.2022321911895549 -0.003675932386588168 -0.1267669198358687 0.4713248676944291 -0.4335114236879451 0.4892369267706033 0.4368793600492157 -0.4986995326184176 0.3804342706023331 0.4854972966650438 -0.1269521207669175 0.4611518068232966 -0.2505722811298525 -0.496887731629357 -0.5197952728201547 0.1807221197768799 0.1554291676461492 0.1391913572375532 -0.3152201027293386 0.3033279003861734 0.08009309866106606 -0.0548921759015923 0.4002240737389849 -0.5139595802421101 0.007972747545529173 -0.1477287984841617 -0.2167796792639982 0.4119172811858127 -0.4549004031456481 -0.3637056838372781 0.2406157777522331 0.4216897647665235 -0.4527822305776388 0.2630651731214547 0.5020478574930581
 0.1506149250438322 -1.313761517812923 -0.2565641312492394 0.1918369480828832 0.2181600906975018 -0.6208086280738416 -0.2524842741029215 1.51044481106222 -0.3687540758265926 0.1424052339209539 -0.1746734209744532 0.1720106496635233 0.1514165172481379 -0.1115561007089177 0.553187367658179 0.2029513563509992 -0.2197434672145826 0.1595272253168117 1.37435622134191 -0.1744381017974772 -0.1127695398675667 -0.5242281549588366 -1.736920417549581 -0.4649204170309281 0.4566142896239804 0.2853789719966172 0.1724294928550335 -0.04382831625053289 0.00277038655778069 -0.1751211556987378 1.805841871840076 0.4796901085860892 -1.099722852993364 0.1840554214631484 -0.0163958901563797 -0.1767933201827049 0.01599530728291905 0.1036457422968342 -0.1130593063618851 0.7131556235233333 -0.03356690465894507
 0.09363265382855732 0.824323448529229 -0.1821781611927607 0.07211142408274618 -0.69343282155569 0.3353779713176203 0.02773503117795459 0.0850198843610623 -0.08967495468719275 0.07596640591821523 -0.1084891229560673 0.1708567402878482 0.1225019798313428 -0.1873026816902042 0.0342432022383861 0.1827363812988503 0.7269710638272266 0.1804890120594077 0.1111814117207984 -0.1453969518230488 -0.07856938503980146 -0.5638637000220277 -0.02363257178891479 0.1021167542023966 0.7803463332606921 0.4100628264597694 -0.3801641381781957 -0.08151753379631124 0.1130499820164499 -0.1242626767700321 -0.324551946621036 0.06472012620318772 0.2137062074666555 0.11343994287845 -0.1659565900274258 -0.1146044256306925 0.2478159022654743 0.06085225509017714 -0.102023180583852 -0.7536913141213347 0.1147738206378077
 0.1894633340467542 0.2066161868905098 0.5900810194643544 0.20310193761373 0.4275666550540526 -1.64050804643492 -0.1747341665182631 1.112178699285562 -0.002292661305497928 0.2052443724968624 -0.1105817436598679 0.04723493300312756 0.2063014365804423 -0.1640893914823993 -0.951119332931852 0.1256673743247332 -0.2301728819106323 0.1246020355644008 -0.1116908562729822 -0.2314596722735627 -0.1415129805639627 -0.6561076560674421 -0.05899580914291363 0.5101640939480737 -0.2577385145518121 0.5709274549332223 -2.183253740379116 0.5474002272821 0.1555164021694082 -0.2191780514379422 0.5180728205776994 0.5376196402382066 -0.9530231706798985 0.06610449555173237 -0.2848604087398212 -0.1826006605828173 0.04923149326660196 0.2507699452432932 -0.2169323459603832 -1.600867625565259 0.1405040549947846
 -0.525411612229531 0.129115392938059 -0.3884373781999776 -0.4704795712334677 -0.3211922240240381 -0.05415056807070057 0.3934953295742516 0.1067896311334107 0.3753096086888015 -0.5054589512681651 0.4409858837164666 -0.4650632859005314 -0.4283472369942855 0.454149274005392 -0.2096180746182546 -0.5253597776479071 0.02672834756461548 -0.4525172888073581 0.2684651771466762 0.4577084037434041 0.4849183280501962 -0.04558346305801139 -0.05174766076820128 0.2152096054188233 0.4854366998524508 0.08679588810243039 0.0404155759459152 -0.05287681945525645 -0.5041485081582063 0.5137067034413777 0.01027118214785077 -0.005852735852609717 -0.01175072932517177 -0.4816506093329107 0.4334128248190617 0.4408831838693789 0.2144861805801059 -0.4402358087246567 0.4424938092731586 -0.1125403532136506 -0.3824955028567499
 -0.1179277183938579 -1.02182763173371 -0.6043097152522809 0.05662350571401333 0.6682158855210059 0.3804145347646088 -0.7935569231490972 1.298245742721159 -1.125245853990426 -0.03197871706445363 0.105421909200387 -0.001780623352451252 -0.09576690672344219 0.05941854626794677 0.9477012891103194 -0.04082208793154296 0.5141858806631295 -0.1333494728223765 0.6097393246087995 -0.001783225760244677 0.1011110477971718 0.6138142933752702 -1.68705175180702 -0.3323345076655368 -0.5318202472053253 -1.199141172646272 0.7823280661888397 0.6739765334538831 -0.1902924473900128 0.09076676363967487 0.9986221066615276 1.812903698993373 0.006978073543797428 -0.07582926933682743 0.1722475279405148 0.03122849667382761 -1.345753571702909 0.02347284405266813 0.01158524438445342 0.5151376817937702 -0.2376044184665558
 0.7125684116552489 -0.08874686040054187 0.5406726211127635 0.6662958220472925 0.1193745446542889 0.1866944537934796 -0.3383813684330504 -0.3638552541595746 -0.5081595707024179 0.5795142331035587 -0.6174719165830863 0.5821825410703274 0.6687636159279692 -0.6447228474890122 0.09768779268779125 0.7058347852450031 0.1939037820985322 0.6602196934134242 -0.4937872446943516 -0.5321375612954579 -0.6821826116437992 -0.1667838165183329 0.3010940605161599 -0.2643200447966918 -0.3644055017179619 0.1601295433186012 0.2028700631744329 -0.2330731646599244 0.6293691392993005 -0.6240812124387898 0.08537653152653638 -0.3312162510641171 0.251540208822911 0.6484895770405442 -0.5462470624314021 -0.6519127918997989 -0.07544486117152832 0.6235197333589073 -0.6329542681509733 0.2025043809573738 0.6009620282811182
 0.09105606387022687 -0.2781164492528685 -0.4033772759042708 0.07472902498247515 0.2014858903224843 0.1699002280830116 0.8323683983460159 -0.3521987514931625 0.1884388128812255 0.05109540926001669 -0.04852551355423759 0.09156725579241855 0.01523774571159191 -0.01461119464262716 0.2051033186507604 0.05232568662364673 0.08290801067119638 0.07297346736625676 -0.8809157223249264 -0.03091191956304004 -0.03937403377455807 -1.268652333829514 -0.08041956669275878 -0.5325221486354677 0.1353158992191545 -0.1224604761954231 0.1229900922624287 -1.369951738360284 0.1667207333608925 -0.03817426591427967 1.121876830666224 -0.1628194953383495 0.4824401956050621 0.1281916426484295 0.04725959820088758 -0.08375001667456901 0.003004276122997468 0.05059627104670372 -0.1347251790181135 -0.9650449398719778 -0.02035108790980776
 0.5355321225346582 -0.09659151672588988 0.4145601184578789 0.5436892159905161 0.06893016144933847 0.2299583114408763 -0.1855460549540315 -0.2588870073127774 -0.486210799939063 0.5315551348286118 -0.479623975715983 0.4616342015785961 0.5259967714875655 -0.4482525626261931 0.1904400637012418 0.5343047560558345 0.2854182253656216 0.5598364344549505 -0.3483981807254385 -0.4911593918893604 -0.5863955514286907 -0.06765936180175743 0.2206782167040737 0.03058801112276428 -0.1653775565175438 0.205916183756163 0.2612327488650172 -0.3050767459673366 0.5549560837240557 -0.5223869225290453 0.1623675105087359 -0.2306127188927998 0.2401365674640182 0.5564389802698094 -0.3772433689603932 -0.4483713902725482 0.06532793984526955 0.3961237961159 -0.4966116738369379 0.2124846025831944 0.4021666053439587
 0.5919624057883597 -0.2392409774178013 0.4555127605876426 0.5679002607857063 0.2337201077083351 0.3266022679435574 -0.3792399914112442 -0.2145065440891017 -0.4473054860201416 0.4644773553052122 -0.4903982733935585 0.578244014097564 0.5823309293762534 -0.5747848802531698 0.2290358473376218 0.5924288537034405 0.1952787551304688 0.597582278920331 -0.3364328659211449 -0.4917836676760148 -0.537988375464061 0.03873117615293491 0.1973177160792067 -0.1122749489131042 -0.5018881620550067 0.06714795520910023 0.1680202620785991 -0.02795339271912912 0.562629398447612 -0.554355146989488 -0.003595927494644607 -0.1991804245438141 0.08686788177981362 0.5200899343002341 -0.3885729232682337 -0.4760169304192284 -0.0487811896630844 0.5154300136381175 -0.5421625983459071 0.3666974498037507 0.444547356210698
 -0.6156037742334894 0.1989964861534283 -0.4266199117355099 -0.5135714312294627 -0.206127656625653 -0.2262619043751185 0.3199001161651046 0.4188674380289453 0.4106442422039679 -0.5564741092881746 0.490797170823846 -0.5746675271581211 -0.5608142131033645 0.4965174847240729 -0.1243602422127782 -0.5564177444034141 -0.202392219330575 -0.5842567855351068 0.4490352599186499 0.5355460620823377 0.5468465078702576 -0.01446980841234539 -0.1767183287505667 0.182293871139814 0.4450367830112826 -0.2586117756528356 -0.1740337446281982 0.09958313291218077 -0.5150769140088456 0.5536264343319129 0.1627947983067718 0.2225134740390633 -0.165697871920799 -0.5651939737155521 0.4543874650030888 0.4881196437072267 0.004548831336047426 -0.4934781356701973 0.536502511476433 -0.2806795523699369 -0.5376257130699656
 -0.06715009058596999 0.9967416972975923 -0.3818730067252799 -0.1201011218540971 0.3446439157523982 -0.02659305006684419 -0.3261939655419248 0.07779930943198116 0.2031540557683629 -0.01478627271040717 0.09680115690352471 -0.1197823560380731 -0.107746335090435 0.01454189354130467 0.2146371900874538 -0.0478960816815133 0.5264255140925248 -0.1154825015735961 -0.7710832756671402 0.1115407862454625 0.02237620431775339 -0.1540535647254036 0.2774219768766881 0.5230309928619976 -0.608765644475705 -0.3515746176973061 -0.9673427376385049 0.332089689789155 -0.07910782921714374 0.03146511970962669 -0.3438630212030743 1.079442881414569 0.3977392522459728 -0.05497488115776513 -0.06817916534246261 0.07948556366947801 -0.1345317480339843 -0.009959684234946569 0.1024547582365132 -1.793414653781451 -0.08516505935065864
 0.7574488017642539 -0.1201036939801263 0.5876684954124061 0.6527986342122404 0.2919033630512631 0.09879733992822878 -0.3075825851021264 -0.2279032992305773 -0.3490143375206499 0.7116505586303222 -0.6292804964429812 0.6287260229816074 0.6022654663790799 -0.6805264577614251 0.3535753256406675 0.7208927650038059 0.03675398209957075 0.7302658450809646 -0.4927452404786402 -0.5956768821577501 -0.6882231824302379 0.03694193437010768 0.3649080777879231 -0.004530064175240364 -0.5427749370502349 0.1989748472716299 0.1046293145521194 -0.1474426823281318 0.6299535803961648 -0.5805727110267925 0.1403382020631604 -0.1583662381062657 0.02760098638650121 0.6530899878980612 -0.5385344245019266 -0.6749767164934896 0.1670367797121765 0.5660835002748161 -0.6723541612724701 0.1926225621803798 0.5708083499913413
 -0.6617113901742787 0.1675592910621916 -0.4666448040454258 -0.5446674095812564 -0.3448464521987264 -0.07332270610942146 0.4206141300852362 0.09250248557226444 0.3679695355627246 -0.6673436456836872 0.6632978395857614 -0.582786674065605 -0.6555395627269126 0.6101706171959611 -0.4034653185509796 -0.6761786258474353 0.04558568266223137 -0.6786944725780393 0.5344803366591335 0.6138725969959429 0.6192546012033657 -0.1820321149842141 -0.1498517366357089 -0.04739813367775995 0.6219038552446604 -0.18033788176831 -0.1906796100631697 0.04676999734839127 -0.6279777116557157 0.6634398051247792 -0.1350245693284672 0.01947005699092233 0.04104772250458773 -0.6185360388436784 0.4856397668810867 0.5580133890613342 0.02670689430997878 -0.5826880017673086 0.6129350550664765 -0.1608174045163127 -0.5848864210848798
 -0.007215234464825287 -0.8475749028552602 0.03482724663971292 0.06726822047946666 -0.02010858003126886 0.2460435786659762 1.024247561374874 -0.4748320511810059 0.2507736706157569 -0.04630088375290801 0.01142234257587837 0.1010743441556354 0.04093547853957782 0.0259142570561628 0.02277524071273475 -0.01448139211865538 -0.2183253888849006 -0.01421472216157697 -0.8628977838460404 -0.03565588873722834 -0.07181158411625366 -0.6079568646112662 -0.1154675781876054 -0.1663554900208079 -0.004272049232769037 0.3497543797694274 0.2115588426654443 -1.418895486271725 0.09245419252274259 0.02804771679963961 1.096644570949563 -0.2472108265441608 0.3839630785160321 0.08467087765186325 0.1094310704253244 -0.06949293275268266 0.3711951318466715 0.01463684881265625 -0.06207134550643147 -0.4111305919126708 -0.09989290457251415


